-1.66 -22.00 1 0 0 0 0
-1.66 -18.50 0 1 0 0 0
-4.00 -18.50 0 0 1 0 0
-3.70 -17.20 0 1 0 0 0
-7.80 -18.50 0 0 1 0 0
-8.10 -17.00 0 0 0 1 0
-8.50 -18.00 0 0 0 1 0
-9.00 -21.00 1 0 0 0 0
-9.50 -21.00 0 0 0 0 1
-7.50 -19.90 0 0 0 0 1
-11.00 -20.00 0 0 0 0 1
-11.10 -19.50 0 0 0 1 0
-7.50 -17.00 0 0 0 1 0
-7.20 -17.50 0 0 1 0 0
-9.50 -21.50 1 0 0 0 0
-11.00 -22.00 1 0 0 0 0
-6.00 -20.00 1 0 0 0 0
-5.50 -19.00 0 0 1 0 0
-6.70 -17.00 0 0 1 0 0
-7.00 -16.50 0 0 0 1 0
-6.75 -15.50 0 0 0 1 0
-6.00 -15.50 0 1 0 0 0
-5.80 -15.00 0 1 0 0 0
-5.50 -17.00 0 0 1 0 0
-4.80 -16.00 0 1 0 0 0
-3.50 -17.50 0 1 0 0 0
-3.90 -18.00 0 0 1 0 0
-2.40 -18.90 1 0 0 0 0
-2.00 -20.00 1 0 0 0 0
-7.00 -20.00 1 0 0 0 0
-6.00 -15.00 0 1 0 0 0
-6.10 -17.00 0 0 1 0 0
-7.10 -17.10 0 0 1 0 0
-7.30 -16.50 0 0 0 1 0
-7.00 -14.00 0 0 0 1 0
-6.00 -12.00 0 1 0 0 0
-10.30 -19.00 0 0 0 1 0
-10.25 -20.00 0 0 0 0 1
-11.80 -21.00 0 0 0 0 1
-8.00 -19.50 0 0 0 0 1
-7.50 -19.10 0 0 1 0 0
-7.20 -19.00 0 0 1 0 0
-5.50 -19.50 1 0 0 0 0
-2.50 -18.50 0 0 1 0 0
-2.30 -17.90 0 1 0 0 0
-1.65 -12.00 0 1 0 0 0
-8.00 -19.50 0 0 0 0 1
-8.50 -18.00 0 0 0 1 0
-10.00 -20.50 0 0 0 0 1
-11.00 -16.00 0 0 0 1 0